Inference for Stan model: anon_model_41af6b195d0a37a4a461f78cd03c2699.
4 chains, each with iter=6000; warmup=1000; thin=5; 
post-warmup draws per chain=1000, total post-warmup draws=4000.

                       mean se_mean     sd   2.5%    25%    50%    75%  97.5%  n_eff   Rhat
Rt[1]                212.13    5.16 305.56   7.27  55.67 121.81  255.4 960.89   3513    1.0
Rt[2]                 37.19    0.64  40.11   1.83  11.59  24.93   48.6 140.26   3882    1.0
Rt[3]                 13.42    0.24  14.46   0.77   4.49   9.39  17.47  50.88   3721    1.0
Rt[4]                  6.89    0.11   6.87   0.45   2.48   4.96   8.96  24.29   4022    1.0
Rt[5]                  4.17    0.06   3.86   0.29   1.59   3.16   5.46  14.11   3805    1.0
Rt[6]                  2.91    0.04   2.59   0.18   1.15   2.21   3.85   9.54   3787    1.0
Rt[7]                  2.31    0.03   1.97   0.15   0.91   1.81   3.09   7.48   4131    1.0
Rt[8]                  1.92    0.03   1.59   0.14   0.78   1.52   2.59   6.15   4008    1.0
Rt[9]                  1.73    0.02   1.47   0.11   0.69   1.36    2.3   5.53   3953    1.0
Rt[10]                 1.57    0.02   1.28   0.12   0.64   1.25   2.13    5.0   3934    1.0
Rt[11]                 1.48    0.02   1.19   0.12   0.61   1.19   2.03    4.5   4010    1.0
Rt[12]                 1.46    0.02   1.24    0.1   0.58   1.13   1.99    4.7   3708    1.0
Rt[13]                 1.44    0.02   1.18   0.12   0.59   1.15   1.94   4.44   3988    1.0
Rt[14]                 1.47    0.02   1.19   0.12   0.63   1.18   1.98    4.6   3984    1.0
Rt[15]                 1.46    0.02   1.14   0.12   0.62   1.19   2.01   4.42   3819    1.0
Rt[16]                 1.45    0.02   1.18    0.1   0.61   1.13   1.97   4.61   3949    1.0
Rt[17]                 1.46    0.02   1.16   0.13   0.62   1.18   2.01   4.56   3829    1.0
Rt[18]                 1.43    0.02   1.22   0.11   0.58   1.13   1.91   4.56   3687    1.0
Rt[19]                 1.38    0.02   1.11    0.1   0.58   1.09   1.88   4.37   3822    1.0
Rt[20]                 1.44    0.02   1.16   0.12   0.61   1.14   1.96   4.38   4094    1.0
Rt[21]                 1.52    0.02    1.2   0.13   0.66   1.23   2.02   4.44   3964    1.0
Rt[22]                 1.62    0.02   1.24   0.13   0.71   1.34   2.19   4.75   3855    1.0
Rt[23]                 1.62    0.02   1.27   0.13   0.71   1.32   2.16   4.91   4028    1.0
Rt[24]                  1.5    0.02   1.16   0.13   0.64   1.23   2.04   4.37   4260    1.0
Rt[25]                 1.32    0.02   1.01   0.12   0.57   1.07   1.78   3.91   3619    1.0
Rt[26]                 1.27    0.02   1.03   0.11   0.54    1.0   1.73   3.97   3695    1.0
Rt[27]                 1.16    0.01   0.91    0.1   0.49   0.94   1.59   3.53   3818    1.0
Rt[28]                 1.08    0.01   0.86    0.1   0.47   0.87   1.45   3.37   4329    1.0
Rt[29]                 1.08    0.01   0.86   0.09   0.46   0.85   1.47   3.36   4078    1.0
Rt[30]                 1.12    0.01    0.9   0.09   0.49   0.89   1.52   3.45   4000    1.0
Rt[31]                 1.19    0.01    0.9    0.1   0.55   0.98    1.6   3.49   3767    1.0
Rt[32]                 1.33    0.02   1.02   0.11   0.59   1.07   1.81   3.85   4304    1.0
Rt[33]                 1.59    0.02   1.26   0.14    0.7   1.29   2.12   4.78   3922    1.0
Rt[34]                 1.93    0.02   1.44    0.2   0.88   1.57   2.67   5.54   4005    1.0
Rt[35]                 2.64    0.03   1.92   0.27   1.23    2.2   3.58   7.54   3793    1.0
Rt[36]                 3.01    0.04    2.1   0.36   1.47   2.56   4.07   8.22   3249    1.0
Rt[37]                 2.41    0.03   1.73   0.26   1.15   1.99    3.3    6.9   4177    1.0
Rt[38]                 1.39    0.02   1.05   0.14   0.65   1.12   1.88   4.16   3596    1.0
Rt[39]                 0.98    0.01   0.72   0.09   0.46   0.82   1.32   2.87   3790    1.0
Rt[40]                 0.87  9.6e-3   0.62    0.1   0.42   0.74   1.17   2.41   4204    1.0
Rt[41]                 0.87    0.01   0.63    0.1   0.41   0.74   1.17   2.45   3930    1.0
Rt[42]                 0.92    0.01   0.64   0.11   0.46   0.77   1.23   2.52   4004    1.0
Rt[43]                 1.12    0.01    0.8   0.14   0.55   0.94    1.5   3.19   3787    1.0
Rt[44]                 1.38    0.02   0.96   0.16   0.67   1.16   1.85   3.81   3908    1.0
Rt[45]                 1.58    0.02   1.08   0.19   0.77   1.36    2.1   4.28   3891    1.0
Rt[46]                 1.65    0.02   1.15    0.2   0.83   1.39   2.21   4.55   4285    1.0
Rt[47]                 2.18    0.02   1.41   0.27   1.15   1.91   2.92    5.6   3675    1.0
Rt[48]                 2.21    0.02   1.32   0.33   1.21   1.99   2.97   5.42   3716    1.0
Rt[49]                 2.08    0.02   1.29   0.25    1.1   1.87   2.83   5.23   3911    1.0
Rt[50]                 1.95    0.02   1.12   0.29   1.08    1.8   2.64   4.47   3484    1.0
Rt[51]                 1.92    0.02   1.07   0.29   1.12   1.79   2.57   4.37   4027    1.0
Rt[52]                 1.83    0.02   0.96   0.33   1.12   1.73   2.39   4.03   3506    1.0
Rt[53]                 1.77    0.01   0.89   0.33   1.11   1.68    2.3   3.78   4009    1.0
Rt[54]                 1.61    0.01   0.79   0.33   1.03   1.55    2.1   3.29   3370    1.0
Rt[55]                 1.54    0.01   0.74   0.33   1.01   1.47    2.0   3.17   3584    1.0
Rt[56]                 1.68    0.01    0.7   0.46    1.2   1.62   2.12    3.2   3848    1.0
Rt[57]                 1.92    0.01   0.68   0.72   1.44   1.87   2.36   3.39   3881    1.0
Rt[58]                  1.9    0.01   0.63   0.81   1.47   1.86   2.28   3.27   3937    1.0
Rt[59]                 1.53  8.7e-3   0.55   0.55   1.14   1.48   1.87   2.72   4004    1.0
Rt[60]                 1.08  7.6e-3   0.47   0.28   0.75   1.04   1.38   2.09   3777    1.0
Rt[61]                 0.86  6.3e-3   0.38   0.21   0.59   0.83    1.1    1.7   3698    1.0
Rt[62]                 0.87  5.9e-3   0.37   0.23   0.61   0.84    1.1   1.66   3868    1.0
Rt[63]                  0.9  6.0e-3   0.37   0.26   0.63   0.86   1.13   1.69   3865    1.0
Rt[64]                 0.94  6.3e-3   0.37   0.29   0.68   0.91   1.17   1.76   3528    1.0
Rt[65]                 1.02  6.4e-3   0.38   0.35   0.76   0.99   1.26   1.85   3601    1.0
Rt[66]                 1.04  6.3e-3   0.39   0.36   0.77   1.02   1.29   1.89   3930    1.0
Rt[67]                 1.03  6.6e-3   0.39   0.32   0.76    1.0   1.27   1.88   3533    1.0
Rt[68]                 1.06  6.4e-3    0.4   0.36   0.78   1.04   1.32   1.92   3923    1.0
Rt[69]                 1.08  6.5e-3   0.38    0.4   0.81   1.06   1.32   1.89   3486    1.0
Rt[70]                 1.06  6.4e-3   0.37   0.39    0.8   1.04   1.29   1.85   3467    1.0
Rt[71]                 0.98  5.7e-3   0.36   0.34   0.74   0.95    1.2   1.74   3830    1.0
Rt[72]                 0.91  5.4e-3   0.33   0.32   0.68    0.9   1.12    1.6   3795    1.0
Rt[73]                 0.89  6.0e-3   0.33   0.29   0.66   0.88    1.1    1.6   3003    1.0
Rt[74]                 0.87  5.5e-3   0.33   0.28   0.64   0.85   1.08    1.6   3600    1.0
Rt[75]                 0.83  4.8e-3   0.31   0.28    0.6    0.8   1.03   1.51   4217    1.0
Rt[76]                 0.77  5.3e-3   0.31   0.22   0.55   0.75   0.96   1.41   3399    1.0
Rt[77]                 0.74  5.2e-3    0.3    0.2   0.52   0.72   0.93    1.4   3375    1.0
Rt[78]                 0.85  5.1e-3   0.32   0.29   0.62   0.83   1.05   1.51   3817    1.0
Rt[79]                 1.24  5.6e-3   0.35   0.62   0.99   1.22   1.47   1.97   3971    1.0
Rt[80]                 1.85  6.3e-3    0.4   1.13   1.56   1.82   2.11   2.68   3995    1.0
Rt[81]                  2.4  6.8e-3   0.42   1.62    2.1   2.38   2.67   3.26   3929    1.0
Rt[82]                 2.65  6.5e-3   0.41   1.91   2.37   2.63   2.93   3.49   4054    1.0
Rt[83]                 2.63  6.0e-3   0.37   1.95   2.38   2.61   2.87   3.38   3746    1.0
Rt[84]                  2.5  5.0e-3   0.31   1.92   2.28   2.49   2.71   3.16   3932    1.0
Rt[85]                 2.41  4.3e-3   0.26   1.93   2.23    2.4   2.58   2.94   3604    1.0
Rt[86]                 2.33  3.7e-3   0.23    1.9   2.17   2.32   2.48    2.8   3972    1.0
Rt[87]                 2.23  3.2e-3    0.2   1.86    2.1   2.23   2.36   2.63   3761    1.0
Rt[88]                 2.17  2.7e-3   0.17   1.84   2.05   2.16   2.28   2.52   4002    1.0
Rt[89]                 2.12  2.4e-3   0.15   1.82   2.01   2.11   2.22   2.44   3944    1.0
Rt[90]                 2.04  2.1e-3   0.13   1.79   1.94   2.04   2.13   2.31   3943    1.0
Rt[91]                 1.92  1.9e-3   0.12    1.7   1.84   1.92    2.0   2.16   4001    1.0
Rt[92]                 1.78  1.6e-3   0.11   1.58   1.71   1.78   1.85    2.0   4179    1.0
Rt[93]                 1.63  1.5e-3   0.09   1.46   1.57   1.63   1.69   1.82   3768    1.0
Rt[94]                 1.47  1.3e-3   0.08   1.31   1.42   1.47   1.53   1.64   3974    1.0
Rt[95]                 1.32  1.1e-3   0.07   1.19   1.27   1.32   1.37   1.47   3906    1.0
Rt[96]                 1.18  1.0e-3   0.06   1.06   1.14   1.18   1.22   1.31   3865    1.0
Rt[97]                 1.07  1.0e-3   0.06   0.95   1.02   1.06   1.11   1.19   3349    1.0
Rt[98]                 0.98  8.9e-4   0.06   0.87   0.94   0.98   1.01   1.09   3900    1.0
Rt[99]                 0.91  8.3e-4   0.05   0.81   0.87   0.91   0.94   1.01   4034    1.0
Rt[100]                0.86  8.2e-4   0.05   0.75   0.82   0.86   0.89   0.96   3936    1.0
Rt[101]                0.82  8.1e-4   0.05   0.72   0.79   0.82   0.86   0.93   3986    1.0
Rt[102]                0.79  8.2e-4   0.05    0.7   0.76   0.79   0.83    0.9   3932    1.0
Rt[103]                0.78  8.5e-4   0.05   0.68   0.74   0.78   0.81   0.88   3634    1.0
Rt[104]                0.77  8.4e-4   0.05   0.67   0.73   0.77    0.8   0.87   3907    1.0
Rt[105]                0.76  8.3e-4   0.05   0.66   0.72   0.76   0.79   0.87   4124    1.0
Rt[106]                0.75  8.6e-4   0.05   0.64   0.71   0.74   0.78   0.85   3954    1.0
Rt[107]                0.73  9.1e-4   0.06   0.63   0.69   0.73   0.77   0.84   3908    1.0
Rt[108]                0.71  9.2e-4   0.06    0.6   0.67   0.71   0.75   0.83   3938    1.0
Rt[109]                0.68  9.2e-4   0.06   0.57   0.64   0.68   0.72    0.8   4128    1.0
Rt[110]                0.65  9.8e-4   0.06   0.53   0.61   0.65   0.69   0.78   3967    1.0
Rt[111]                0.64  1.0e-3   0.06   0.52   0.59   0.63   0.68   0.76   3953    1.0
Rt[112]                0.62  1.1e-3   0.07    0.5   0.58   0.62   0.67   0.76   3858    1.0
Rt[113]                0.62  1.1e-3   0.07   0.49   0.57   0.62   0.67   0.76   3760    1.0
Rt[114]                0.62  1.2e-3   0.08   0.48   0.57   0.62   0.67   0.77   4085    1.0
Rt[115]                0.61  1.3e-3   0.08   0.46   0.55   0.61   0.66   0.77   3789    1.0
Rt[116]                0.59  1.3e-3   0.08   0.44   0.54   0.59   0.65   0.77   3812    1.0
Rt[117]                0.59  1.5e-3   0.09   0.42   0.53   0.59   0.65   0.78   3858    1.0
Rt[118]                0.61  1.6e-3    0.1   0.42   0.54   0.61   0.67   0.81   3622    1.0
Rt[119]                0.62  1.6e-3    0.1   0.43   0.55   0.62   0.69   0.83   4078    1.0
Rt[120]                0.62  1.8e-3   0.11   0.41   0.54   0.61   0.69   0.84   3842    1.0
Rt[121]                0.59  1.9e-3   0.12   0.37   0.51   0.58   0.66   0.83   3695    1.0
Rt[122]                0.53  2.0e-3   0.12    0.3   0.44   0.53    0.6   0.79   3761    1.0
Rt[123]                0.45  2.0e-3   0.12   0.23   0.36   0.44   0.53    0.7   3947    1.0
Rt[124]                0.35  2.0e-3   0.12   0.13   0.27   0.35   0.43   0.62   3959    1.0
Rt[125]                0.24  1.9e-3   0.12   0.05   0.16   0.23   0.32    0.5   3864    1.0
Rt[126]                0.15  1.5e-3   0.09   0.02   0.08   0.14   0.21   0.38   3860    1.0
Rt[127]                0.12  1.3e-3   0.08   0.02   0.07   0.11   0.17   0.32   4012    1.0
Rt[128]                0.13  1.4e-3   0.08   0.02   0.07   0.11   0.17   0.33   3666    1.0
Rt[129]                0.15  1.5e-3    0.1   0.02   0.08   0.13    0.2   0.38   3995    1.0
Rt[130]                 0.2  2.0e-3   0.12   0.03   0.11   0.17   0.27   0.49   3853    1.0
Rt[131]                0.28  2.7e-3   0.17   0.03   0.15   0.25   0.37   0.69   3937    1.0
Rt[132]                0.41  4.2e-3   0.25   0.06   0.22   0.36   0.54   1.03   3756    1.0
Rt[133]                0.63  6.2e-3   0.38   0.09   0.34   0.56   0.83   1.56   3774    1.0
Rt[134]                1.03    0.01   0.61   0.18   0.58   0.91   1.37   2.48   3697    1.0
Rt[135]                1.94    0.02   1.15   0.36   1.11   1.72   2.54   4.73   4030    1.0
Rt[136]                3.39    0.03   1.89   0.68   1.99    3.1   4.43   7.77   3672    1.0
Rt[137]                3.85    0.04   2.19   0.72   2.21   3.51   5.03   9.07   3533    1.0
s_smooth             1.4e-3  1.4e-6 7.4e-5 1.3e-3 1.4e-3 1.4e-3 1.5e-3 1.6e-3   2884    1.0
domestic_infect[1]     0.39  5.5e-3   0.35   0.03   0.14   0.28   0.52   1.35   4081    1.0
domestic_infect[2]      0.7  9.4e-3    0.6   0.07   0.29   0.55   0.93   2.27   4022    1.0
domestic_infect[3]     0.89    0.01   0.69    0.1    0.4   0.72   1.18   2.69   3736    1.0
domestic_infect[4]      1.0    0.01   0.73   0.12   0.47   0.82   1.35   2.85   4081    1.0
domestic_infect[5]      1.1    0.01   0.81   0.11   0.51   0.92   1.47   3.21   4041    1.0
domestic_infect[6]     1.16    0.01   0.84   0.14   0.54   0.97   1.56   3.23   4027    1.0
domestic_infect[7]      1.2    0.01   0.85   0.15   0.57   1.01    1.6   3.35   3844    1.0
domestic_infect[8]     1.22    0.01   0.87   0.14   0.58   1.02   1.67   3.31   3887    1.0
domestic_infect[9]     1.24    0.01    0.9   0.15   0.58   1.03   1.69   3.45   4013    1.0
domestic_infect[10]    1.26    0.01   0.89   0.16   0.61   1.05   1.71   3.46   3841    1.0
domestic_infect[11]    1.26    0.01    0.9   0.16    0.6   1.06   1.69   3.55   4251    1.0
domestic_infect[12]    1.31    0.02   0.93   0.16   0.61    1.1   1.76   3.68   3843    1.0
domestic_infect[13]    1.32    0.02   0.96   0.16   0.63   1.09   1.75   3.93   3974    1.0
domestic_infect[14]    1.35    0.02   0.97   0.16   0.64   1.12   1.81   3.84   4033    1.0
domestic_infect[15]    1.41    0.02   1.01   0.15   0.66   1.17    1.9   3.97   3820    1.0
domestic_infect[16]    1.44    0.02   1.02   0.18    0.7    1.2   1.94    4.0   3805    1.0
domestic_infect[17]    1.51    0.02   1.07   0.18   0.73   1.25   2.03   4.23   3705    1.0
domestic_infect[18]    1.57    0.02   1.12   0.19   0.75   1.29   2.12   4.43   3914    1.0
domestic_infect[19]    1.56    0.02   1.12    0.2   0.74   1.29   2.12   4.41   3969    1.0
domestic_infect[20]    1.55    0.02   1.11   0.19   0.73    1.3    2.1   4.33   4332    1.0
domestic_infect[21]    1.71    0.02   1.19   0.19   0.83   1.48   2.26   4.74   3963    1.0
domestic_infect[22]    1.92    0.02   1.37   0.22   0.92   1.64   2.57   5.33   4156    1.0
domestic_infect[23]    2.16    0.03   1.53   0.26   1.02   1.82   2.94   5.81   3350    1.0
domestic_infect[24]    2.34    0.02   1.63   0.29   1.14   1.96   3.16   6.43   4257    1.0
domestic_infect[25]    2.22    0.02   1.56   0.26   1.08   1.86   2.99   6.07   4212    1.0
domestic_infect[26]    2.07    0.02   1.45   0.25   0.98   1.74   2.78   5.69   3816    1.0
domestic_infect[27]    2.12    0.02   1.48   0.27   1.05   1.78   2.81   5.78   3958    1.0
domestic_infect[28]    2.04    0.02   1.43   0.22   0.99    1.7   2.77   5.75   3942    1.0
domestic_infect[29]    1.96    0.02   1.42   0.23   0.93   1.63   2.63   5.56   4047    1.0
domestic_infect[30]    2.01    0.02    1.4   0.25   0.97   1.69   2.71   5.59   3864    1.0
domestic_infect[31]    2.14    0.03   1.54   0.25   1.01   1.77   2.87   6.03   3770    1.0
domestic_infect[32]    2.38    0.03   1.65   0.31   1.19   2.02   3.13   6.67   3828    1.0
domestic_infect[33]    2.66    0.03   1.94   0.32   1.24   2.17   3.62   7.52   4352    1.0
domestic_infect[34]    3.29    0.04   2.36    0.4   1.53   2.75    4.4   9.12   4228    1.0
domestic_infect[35]    4.36    0.05   3.05   0.53   2.07   3.68   5.91  12.23   4204    1.0
domestic_infect[36]    6.54    0.07   4.23    0.8    3.3   5.76   9.01  16.48   3755    1.0
domestic_infect[37]    8.34    0.09   4.94    1.1   4.45   7.69  11.45  19.42   3272    1.0
domestic_infect[38]    7.73    0.07   4.79   1.05   4.03   6.91  10.65  19.15   4152    1.0
domestic_infect[39]    5.18    0.06   3.48   0.68   2.56   4.43   7.05  13.76   3695    1.0
domestic_infect[40]    4.21    0.05    2.8   0.56   2.12   3.56   5.72  11.04   3867    1.0
domestic_infect[41]    4.31    0.04   2.75    0.6   2.25   3.78   5.82   11.2   4006    1.0
domestic_infect[42]    4.59    0.05   3.03   0.67   2.31   3.96   6.12  12.36   3953    1.0
domestic_infect[43]     4.9    0.05   3.11    0.7   2.58   4.26   6.63   12.7   4049    1.0
domestic_infect[44]    5.97    0.06   3.79   0.86   3.17   5.22   7.94  15.34   3973    1.0
domestic_infect[45]    7.21    0.07   4.47   1.13   3.82   6.39   9.74  18.24   3975    1.0
domestic_infect[46]    8.15    0.08   5.06   1.14   4.29   7.23  11.03   20.2   3865    1.0
domestic_infect[47]    8.82    0.09    5.5   1.18   4.55   7.89   12.0  21.85   3967    1.0
domestic_infect[48]   12.47    0.11   6.91   1.86   7.28  11.74  16.63  27.94   3665    1.0
domestic_infect[49]   14.04    0.12   7.38   2.49   8.33  13.37  18.84  29.92   3590    1.0
domestic_infect[50]   14.96    0.13   8.09   2.14   8.65  14.29  20.32  32.47   3876    1.0
domestic_infect[51]   16.27    0.14   8.37   2.77   9.73  15.69  21.86   34.2   3495    1.0
domestic_infect[52]   18.72    0.14   9.01    3.0  11.86  18.43  24.82  37.38   3985    1.0
domestic_infect[53]    20.7    0.16   9.36   4.07  13.94  20.39  26.94   39.8   3472    1.0
domestic_infect[54]   22.83    0.15   9.79   5.05  15.81  22.71  29.66  42.66   4091    1.0
domestic_infect[55]   23.55    0.17   9.99   5.01  16.42  23.29  30.57  43.52   3532    1.0
domestic_infect[56]   25.27    0.18  10.56   5.83  17.82  25.11  32.34  46.28   3545    1.0
domestic_infect[57]   30.71    0.17  10.82   9.65  23.49  30.65  37.97  51.54   3831    1.0
domestic_infect[58]   38.67    0.18  10.93   17.2  31.38  38.72  45.93   59.9   3620    1.0
domestic_infect[59]   42.59    0.17  11.03  21.61  35.16  42.48  49.98  64.14   3986    1.0
domestic_infect[60]   38.41    0.18  11.38  16.26   30.8  38.37  46.08   61.3   3921    1.0
domestic_infect[61]   30.57    0.19  11.29   8.78  22.85  30.28  38.32  53.07   3682    1.0
domestic_infect[62]    27.1    0.17  10.71   7.54   19.2  26.93  34.23  49.06   3758    1.0
domestic_infect[63]   29.02    0.18  10.87   8.13  21.41  28.91   36.3  50.67   3856    1.0
domestic_infect[64]   31.21    0.18   11.2  10.16  23.29  30.95  38.75  53.38   3843    1.0
domestic_infect[65]   32.84    0.19  11.25  11.16  25.17  32.88  40.16  55.96   3477    1.0
domestic_infect[66]   35.46    0.19  11.31  13.46  27.67  35.41  42.91  58.19   3569    1.0
domestic_infect[67]   35.75    0.19  11.42  14.03  27.81  35.62  43.44  59.44   3714    1.0
domestic_infect[68]   35.28    0.19  11.39  12.81  27.75  35.16   43.0  57.96   3550    1.0
domestic_infect[69]   37.26    0.19  11.72  14.28  29.21  37.52   45.0  60.33   3818    1.0
domestic_infect[70]   38.98     0.2  11.65  16.82  30.95  38.88  46.84  62.11   3408    1.0
domestic_infect[71]   39.55     0.2  11.81  15.99  31.89  39.76  47.39  63.15   3362    1.0
domestic_infect[72]   37.94    0.19  11.59  15.39  30.22  37.87  45.93  60.87   3730    1.0
domestic_infect[73]    36.7    0.18  11.43  14.05  28.81  36.85  44.39  58.71   3954    1.0
domestic_infect[74]   36.76     0.2  11.51  13.66  29.21  36.79  44.33  58.88   3212    1.0
domestic_infect[75]    36.7     0.2  11.75  14.24   28.5  36.79  44.71  60.02   3586    1.0
domestic_infect[76]   35.28    0.18   11.5  13.65   27.2  35.27  43.25  58.09   4195    1.0
domestic_infect[77]   32.93    0.19  11.49  10.56  25.52   32.9  40.57  55.78   3649    1.0
domestic_infect[78]   31.76     0.2  11.53  10.27  23.47  31.71  39.67  54.68   3257    1.0
domestic_infect[79]   36.79     0.2  11.92  13.87  28.67  36.89  44.77  60.51   3721    1.0
domestic_infect[80]   53.57     0.2  12.45   28.9  45.04  53.76   62.0  78.06   4011    1.0
domestic_infect[81]   80.83    0.21  13.03  54.33  72.01  81.09  89.73 106.09   3836    1.0
domestic_infect[82]  110.03    0.22   13.2  84.46 101.06 110.17 118.81 135.68   3647    1.0
domestic_infect[83]  135.76    0.21  13.42 109.16 126.87 135.85 144.86 161.91   3982    1.0
domestic_infect[84]   159.5    0.25  14.36  129.7 150.58 159.96 168.85 187.48   3383    1.0
domestic_infect[85]  187.09    0.24  14.77 158.05 177.13 187.12  197.3 215.28   3932    1.0
domestic_infect[86]  223.75    0.24  14.49 195.66 213.89 223.68  233.2 252.42   3710    1.0
domestic_infect[87]  266.36    0.25  15.58 235.38 256.06 266.23 277.06 296.59   3941    1.0
domestic_infect[88]  310.48    0.25  15.78 279.45 299.64 310.31 320.99 341.86   3868    1.0
domestic_infect[89]  360.58    0.25  15.92 329.32 349.92 360.61 371.35 391.97   4187    1.0
domestic_infect[90]  417.39    0.26  16.06 386.17  406.5 417.21 428.25 448.13   3676    1.0
domestic_infect[91]  473.14    0.26  16.39 441.09 462.12 473.37 484.35 504.69   3982    1.0
domestic_infect[92]  520.86    0.26  16.42 488.75 509.84 520.82 532.03 553.49   4003    1.0
domestic_infect[93]   559.1    0.26  16.72 526.83 548.11 559.22 569.96 592.68   4036    1.0
domestic_infect[94]   586.7    0.27  16.75 554.43 575.21  586.4 598.43 619.34   3743    1.0
domestic_infect[95]  599.63    0.28  17.23 565.85 588.24 599.45 611.32 634.23   3789    1.0
domestic_infect[96]  596.74    0.26  16.93 564.02 585.19 596.68 608.07 630.48   4100    1.0
domestic_infect[97]  583.57    0.27  16.56 551.78 572.58 583.63 594.62 616.16   3847    1.0
domestic_infect[98]   562.9    0.28  16.73 529.99 551.56 562.85  574.0 595.96   3698    1.0
domestic_infect[99]  539.17    0.28   17.1 505.19 528.02 539.33 550.65 573.08   3852    1.0
domestic_infect[100] 514.08    0.27  16.83 480.39 503.07 513.95 525.44 547.62   3850    1.0
domestic_infect[101] 490.34    0.26  16.56 457.59 479.22 490.41 501.36 522.73   3963    1.0
domestic_infect[102] 466.57    0.27  17.05 433.36 454.71 466.62 478.17 498.95   3934    1.0
domestic_infect[103] 441.88    0.27  16.75 409.65 430.45 441.96 453.03  475.2   3978    1.0
domestic_infect[104] 419.23    0.27  16.54  387.3 407.87 419.28 430.69 452.65   3755    1.0
domestic_infect[105] 398.42    0.27  16.39 366.59 387.28 398.28 409.61  430.2   3692    1.0
domestic_infect[106]  377.1    0.26   16.2 345.24 366.23 377.16 387.83 409.34   4011    1.0
domestic_infect[107] 353.94    0.26  16.19 322.13 343.07  354.4  364.8 385.34   3961    1.0
domestic_infect[108] 330.12    0.26  16.28 297.55 319.45 330.01 341.38 361.77   4022    1.0
domestic_infect[109] 304.16    0.25  16.09 272.31 293.51 303.82 315.11 335.43   4174    1.0
domestic_infect[110]  276.4    0.24  15.49 246.01 265.98 276.32 287.07 306.21   4114    1.0
domestic_infect[111] 249.57    0.25  15.65 218.81 238.98 249.68 260.11 280.11   3972    1.0
domestic_infect[112] 227.52    0.25  15.62 196.47 217.23 227.47 237.98 258.27   3926    1.0
domestic_infect[113] 208.69    0.24  15.31 178.46 198.61 208.85 218.95 237.69   4016    1.0
domestic_infect[114] 191.96    0.25  15.12 162.04  181.7 192.06 202.07 221.53   3752    1.0
domestic_infect[115]  176.0    0.24  15.04 146.12 166.05 175.99 186.18 205.72   3983    1.0
domestic_infect[116] 158.69    0.24   14.8 129.45 148.84 158.68 168.67 188.75   3864    1.0
domestic_infect[117] 141.86    0.24  14.75 113.13  132.1 141.72 151.65 170.74   3709    1.0
domestic_infect[118] 129.78    0.24  14.85 100.78 119.53 129.85 139.62 158.93   3914    1.0
domestic_infect[119] 121.22    0.24  14.63  92.15 111.42 121.34 131.03 149.86   3778    1.0
domestic_infect[120] 112.54    0.22  14.16  85.24 103.06 112.62 121.95 140.05   4049    1.0
domestic_infect[121] 101.57    0.22   14.0  74.04  92.26 101.55 110.82  129.3   3924    1.0
domestic_infect[122]  88.45    0.23  13.81  61.52  79.13  88.64  97.75  116.2   3739    1.0
domestic_infect[123]  72.58    0.22  13.33  46.15  63.56  72.59  81.52  98.14   3814    1.0
domestic_infect[124]  55.51    0.21  12.68  31.09  47.01  55.06  64.15  80.87   3628    1.0
domestic_infect[125]  39.79    0.19  11.81  16.93  31.96  39.69  47.61  62.88   4014    1.0
domestic_infect[126]  23.91    0.17  10.55   5.31  16.06  23.14  31.11  45.52   3836    1.0
domestic_infect[127]  12.66    0.12   7.35   2.18   7.04  11.51  17.15  29.95   3882    1.0
domestic_infect[128]   8.32    0.08   5.02   1.27   4.61   7.29  11.06  20.56   3869    1.0
domestic_infect[129]    6.8    0.07   3.99   1.09   3.93   6.08   8.93  16.64   3746    1.0
domestic_infect[130]   6.08    0.06   3.54   0.97   3.51   5.45   8.06  14.44   3924    1.0
domestic_infect[131]   5.94    0.06   3.46   1.01    3.4   5.36   7.86  14.27   3861    1.0
domestic_infect[132]   6.08    0.06   3.47   0.95    3.5   5.56   8.08  14.19   3953    1.0
domestic_infect[133]   6.49    0.06   3.64   1.02    3.8   5.99   8.52  14.89   3669    1.0
domestic_infect[134]   7.37    0.07   4.08    1.2   4.37    6.8   9.74  16.87   3607    1.0
domestic_infect[135]   9.41    0.08   4.97   1.81   5.75   8.68  12.27  21.05   3652    1.0
domestic_infect[136]  15.38    0.13   8.21   3.13   9.52   14.2  19.93  35.03   4081    1.0
domestic_infect[137]  26.08    0.22  12.99   6.04  16.11  24.64  34.25  55.22   3644    1.0
domestic_infect[138]  32.54    0.28  17.05   6.17  19.75  30.08  43.26  70.24   3621    1.0
imported_infect[1]     0.26  3.2e-3   0.21   0.03   0.11    0.2   0.34    0.8   4064    1.0
imported_infect[2]     0.33  3.6e-3   0.22   0.05   0.16   0.28   0.45   0.89   3781    1.0
imported_infect[3]     0.39  3.9e-3   0.25   0.07    0.2   0.35   0.54   0.98   3891    1.0
imported_infect[4]     0.44  4.1e-3   0.26   0.08   0.24    0.4   0.61   1.05   4093    1.0
imported_infect[5]     0.47  4.8e-3   0.28   0.08   0.25   0.42   0.64   1.12   3332    1.0
imported_infect[6]     0.49  4.5e-3   0.29   0.08   0.27   0.45   0.66   1.16   4077    1.0
imported_infect[7]      0.5  4.8e-3   0.29   0.09   0.27   0.45   0.67   1.19   3688    1.0
imported_infect[8]     0.48  4.6e-3   0.29   0.08   0.26   0.43   0.66   1.14   3955    1.0
imported_infect[9]     0.47  4.6e-3   0.28   0.08   0.25   0.42   0.63   1.12   3772    1.0
imported_infect[10]    0.47  4.5e-3   0.28   0.08   0.25   0.42   0.63   1.13   3900    1.0
imported_infect[11]    0.47  4.8e-3   0.28   0.08   0.26   0.42   0.64   1.15   3560    1.0
imported_infect[12]    0.48  4.6e-3   0.29   0.09   0.26   0.44   0.65   1.15   3871    1.0
imported_infect[13]     0.5  4.7e-3   0.29   0.08   0.27   0.45   0.68   1.16   3823    1.0
imported_infect[14]     0.5  4.7e-3   0.29   0.09   0.28   0.45   0.67   1.18   3830    1.0
imported_infect[15]    0.52  4.8e-3   0.29   0.09   0.29   0.48    0.7   1.18   3801    1.0
imported_infect[16]    0.53  4.9e-3    0.3    0.1    0.3   0.49   0.72   1.23   3810    1.0
imported_infect[17]    0.55  4.9e-3   0.31   0.09   0.31    0.5   0.74   1.25   4024    1.0
imported_infect[18]    0.57  5.0e-3   0.32    0.1   0.32   0.53   0.77    1.3   4051    1.0
imported_infect[19]    0.57  5.2e-3   0.32    0.1   0.32   0.52   0.76    1.3   3854    1.0
imported_infect[20]    0.58  5.5e-3   0.33   0.11   0.33   0.53   0.77   1.32   3614    1.0
imported_infect[21]     0.6  5.6e-3   0.34    0.1   0.34   0.55   0.82   1.37   3664    1.0
imported_infect[22]    0.66  6.0e-3   0.36   0.11   0.39   0.62   0.88   1.45   3508    1.0
imported_infect[23]    0.73  6.5e-3   0.37   0.14   0.44   0.69   0.97   1.56   3347    1.0
imported_infect[24]     0.8  6.6e-3   0.38   0.16   0.52   0.78   1.05   1.64   3355    1.0
imported_infect[25]    0.86  6.5e-3    0.4   0.18   0.56   0.82   1.12    1.7   3761    1.0
imported_infect[26]    0.87  6.6e-3    0.4   0.18   0.58   0.85   1.12   1.75   3604    1.0
imported_infect[27]    0.85  6.8e-3    0.4   0.17   0.55   0.81   1.11   1.71   3541    1.0
imported_infect[28]    0.79  6.3e-3   0.39   0.15    0.5   0.75   1.03   1.63   3770    1.0
imported_infect[29]    0.71  6.0e-3   0.37   0.13   0.43   0.67   0.95   1.55   3889    1.0
imported_infect[30]    0.67  6.0e-3   0.36   0.12   0.39   0.62    0.9   1.48   3748    1.0
imported_infect[31]    0.64  6.2e-3   0.35   0.11   0.37    0.6   0.86   1.44   3281    1.0
imported_infect[32]    0.64  6.0e-3   0.36   0.11   0.36   0.58   0.86   1.47   3699    1.0
imported_infect[33]    0.66  5.7e-3   0.36   0.12   0.39   0.61   0.88   1.48   4008    1.0
imported_infect[34]    0.69  6.0e-3   0.37   0.13   0.41   0.65   0.92   1.54   3707    1.0
imported_infect[35]    0.72  6.1e-3   0.38   0.14   0.43   0.68   0.96   1.54   3779    1.0
imported_infect[36]    0.76  6.3e-3   0.39   0.14   0.45   0.71    1.0   1.61   3888    1.0
imported_infect[37]    0.82  6.5e-3    0.4   0.17   0.53   0.78   1.06    1.7   3892    1.0
imported_infect[38]    0.87  6.8e-3   0.41   0.19   0.57   0.83   1.14   1.76   3699    1.0
imported_infect[39]     0.9  6.9e-3   0.41   0.21    0.6   0.87   1.17   1.78   3562    1.0
imported_infect[40]    0.91  7.5e-3   0.42   0.21   0.61   0.89   1.19    1.8   3078    1.0
imported_infect[41]    0.89  6.7e-3   0.41    0.2   0.59   0.85   1.15   1.75   3729    1.0
imported_infect[42]    0.84  6.8e-3   0.41   0.18   0.54    0.8   1.09   1.75   3644    1.0
imported_infect[43]    0.79  7.1e-3   0.41   0.15   0.48   0.75   1.04   1.72   3336    1.0
imported_infect[44]    0.75  6.3e-3   0.39   0.16   0.46    0.7    1.0   1.62   3805    1.0
imported_infect[45]    0.76  6.4e-3   0.39   0.15   0.45   0.72   1.01   1.61   3726    1.0
imported_infect[46]    0.79  6.4e-3    0.4   0.16   0.48   0.75   1.04   1.66   3829    1.0
imported_infect[47]    0.82  6.4e-3    0.4   0.17   0.51   0.77   1.08    1.7   3883    1.0
imported_infect[48]    0.83  6.6e-3   0.41   0.18   0.52   0.79   1.09   1.74   3809    1.0
imported_infect[49]    0.85  6.8e-3   0.42   0.18   0.53   0.81   1.12   1.77   3809    1.0
imported_infect[50]    0.89  7.2e-3   0.43    0.2   0.56   0.86   1.17   1.87   3614    1.0
imported_infect[51]    0.95  7.5e-3   0.45   0.21   0.62   0.91   1.24   1.95   3604    1.0
imported_infect[52]    1.03  7.9e-3   0.47   0.25   0.68    1.0   1.34   2.02   3611    1.0
imported_infect[53]    1.15  8.6e-3    0.5   0.28   0.79   1.12   1.47   2.22   3393    1.0
imported_infect[54]     1.3  9.2e-3   0.54   0.34   0.92   1.27   1.66   2.43   3426    1.0
imported_infect[55]    1.51  9.6e-3   0.56   0.51   1.12   1.49   1.89   2.64   3357    1.0
imported_infect[56]    1.76  9.4e-3   0.57   0.69   1.36   1.75   2.14   2.94   3680    1.0
imported_infect[57]    2.04  9.7e-3   0.58   0.93   1.64   2.03   2.43   3.22   3582    1.0
imported_infect[58]    2.32    0.01   0.61   1.13    1.9   2.32   2.73   3.57   3406    1.0
imported_infect[59]    2.61    0.01   0.62   1.39   2.19    2.6   3.01   3.85   3485    1.0
imported_infect[60]    2.93    0.01   0.64   1.65   2.51   2.92   3.34   4.21   3339    1.0
imported_infect[61]    3.24    0.01   0.64   1.98   2.82   3.24   3.67   4.54   3765    1.0
imported_infect[62]    3.56    0.01   0.65   2.25   3.14   3.56   3.99   4.84   3735    1.0
imported_infect[63]    3.91    0.01   0.66    2.6   3.47   3.91   4.36    5.2   3476    1.0
imported_infect[64]    4.29    0.01   0.66   2.97   3.85    4.3   4.73   5.57   3472    1.0
imported_infect[65]    4.69    0.01   0.66   3.42   4.24   4.67   5.14   6.02   3452    1.0
imported_infect[66]    5.04    0.01   0.67   3.75   4.59   5.03   5.48   6.36   3217    1.0
imported_infect[67]    5.38    0.01   0.68   4.04   4.91   5.38   5.83   6.71   3189    1.0
imported_infect[68]    5.71    0.01    0.7   4.27   5.25   5.71    6.2   7.12   3347    1.0
imported_infect[69]    6.07    0.01   0.71   4.65   5.59   6.08   6.54   7.49   3268    1.0
imported_infect[70]    6.46    0.01   0.72   5.09   5.95   6.46   6.95   7.87   3454    1.0
imported_infect[71]    6.87    0.01   0.71   5.48   6.39   6.87   7.33   8.29   3534    1.0
imported_infect[72]     7.3    0.01   0.71   5.94   6.81   7.29   7.77   8.72   3085    1.0
imported_infect[73]    7.77    0.01   0.71   6.38   7.29   7.78   8.24   9.14   3626    1.0
imported_infect[74]    8.25    0.01   0.71   6.85   7.77   8.25   8.74    9.6   3496    1.0
imported_infect[75]    8.72    0.01   0.71   7.32   8.24   8.72   9.19   10.1   3410    1.0
imported_infect[76]     9.2    0.01   0.71    7.8   8.72    9.2   9.68   10.6   3411    1.0
imported_infect[77]    9.66    0.01    0.7    8.3   9.17   9.66  10.13  11.03   3551    1.0
imported_infect[78]   10.08    0.01    0.7    8.7   9.59  10.07  10.54  11.49   3403    1.0
imported_infect[79]   10.38    0.01    0.7   9.07    9.9  10.37  10.86  11.79   3419    1.0
imported_infect[80]   10.58    0.01    0.7   9.25   10.1  10.56  11.03  11.97   3417    1.0
imported_infect[81]   10.61    0.01   0.71   9.24  10.13  10.61  11.08  12.03   3163    1.0
imported_infect[82]   10.51    0.01    0.7   9.12  10.04  10.51  10.98  11.94   3477    1.0
imported_infect[83]    10.3    0.01   0.72   8.91   9.81  10.31  10.79  11.66   3644    1.0
imported_infect[84]    10.0    0.01   0.71   8.61   9.51   9.99  10.48  11.39   3424    1.0
imported_infect[85]    9.62    0.01   0.71   8.23   9.14   9.62   10.1  11.01   3567    1.0
imported_infect[86]    9.14    0.01   0.71   7.82   8.65   9.14   9.61   10.6   3682    1.0
imported_infect[87]     8.6    0.01   0.71   7.22   8.12    8.6   9.07  10.02   3600    1.0
imported_infect[88]    8.01    0.01    0.7   6.67   7.53   8.02   8.49   9.38   3589    1.0
imported_infect[89]    7.37    0.01   0.71   5.99   6.89   7.36   7.85   8.77   3696    1.0
imported_infect[90]    6.69    0.01   0.71   5.31    6.2   6.69   7.18   8.09   3651    1.0
imported_infect[91]    6.01    0.01   0.71   4.61   5.53   6.02   6.48   7.35   3487    1.0
imported_infect[92]    5.34    0.01   0.71   3.96   4.86   5.34   5.81   6.71   3156    1.0
imported_infect[93]    4.68    0.01    0.7   3.32   4.19   4.68   5.15   6.04   3421    1.0
imported_infect[94]    4.06    0.01   0.71   2.66   3.56   4.05   4.55   5.47   3173    1.0
imported_infect[95]     3.5    0.01    0.7   2.15   3.02    3.5   3.96   4.88   2998    1.0
imported_infect[96]    2.99    0.01   0.69   1.63   2.53   2.99   3.45   4.35   2872    1.0
imported_infect[97]    2.54    0.01   0.68   1.22   2.08   2.54    3.0   3.93   2801    1.0
imported_infect[98]    2.15    0.01   0.66   0.88   1.69   2.15   2.59   3.47   2846    1.0
imported_infect[99]    1.84    0.01   0.63   0.65   1.41   1.83   2.27   3.07   2662    1.0
imported_infect[100]   1.62    0.01   0.58   0.57   1.21   1.59    2.0   2.79   3007    1.0
imported_infect[101]   1.45    0.01   0.55   0.46   1.06   1.42   1.82   2.61   2970    1.0
imported_infect[102]   1.29  9.8e-3   0.52   0.38   0.93   1.25   1.62    2.4   2784    1.0
imported_infect[103]   1.17  9.0e-3   0.49   0.31   0.81   1.13    1.5   2.18   2966    1.0
imported_infect[104]   1.03  8.2e-3   0.47   0.26   0.67   0.99   1.34   2.05   3238    1.0
imported_infect[105]   0.92  7.1e-3   0.43   0.23    0.6   0.87   1.19   1.87   3642    1.0
imported_infect[106]   0.82  6.8e-3   0.41   0.19   0.52   0.78   1.08   1.71   3569    1.0
imported_infect[107]   0.75  6.3e-3   0.38   0.17   0.46    0.7   0.99   1.59   3665    1.0
imported_infect[108]   0.69  6.5e-3   0.36   0.15   0.41   0.64   0.92    1.5   3065    1.0
imported_infect[109]   0.65  5.6e-3   0.34   0.15   0.39    0.6   0.86   1.41   3643    1.0
imported_infect[110]   0.62  5.4e-3   0.33   0.14   0.36   0.57   0.81   1.35   3690    1.0
imported_infect[111]   0.61  5.2e-3   0.33   0.13   0.36   0.57   0.81   1.33   3944    1.0
imported_infect[112]    0.6  5.2e-3   0.33   0.12   0.36   0.56    0.8   1.34   3922    1.0
imported_infect[113]   0.59  5.3e-3   0.32   0.12   0.34   0.55   0.79   1.32   3677    1.0
imported_infect[114]   0.59  5.2e-3   0.32   0.13   0.34   0.54   0.79   1.35   3949    1.0
imported_infect[115]   0.59  5.2e-3   0.33   0.12   0.34   0.54   0.79   1.33   3955    1.0
imported_infect[116]    0.6  5.1e-3   0.32   0.13   0.35   0.55   0.79   1.34   3917    1.0
imported_infect[117]   0.59  5.1e-3   0.32   0.12   0.34   0.54   0.79   1.32   3826    1.0
imported_infect[118]   0.59  5.5e-3   0.32   0.13   0.34   0.54   0.78   1.33   3468    1.0
imported_infect[119]    0.6  5.4e-3   0.33   0.11   0.35   0.55    0.8   1.37   3661    1.0
imported_infect[120]    0.6  5.3e-3   0.32   0.12   0.35   0.55   0.79   1.33   3656    1.0
imported_infect[121]    0.6  5.5e-3   0.32   0.12   0.35   0.56    0.8   1.34   3473    1.0
imported_infect[122]    0.6  5.4e-3   0.32   0.13   0.35   0.55    0.8   1.34   3660    1.0
imported_infect[123]    0.6  5.4e-3   0.32   0.13   0.35   0.55    0.8   1.34   3566    1.0
imported_infect[124]    0.6  5.3e-3   0.33   0.13   0.35   0.55    0.8   1.34   3810    1.0
imported_infect[125]    0.6  5.2e-3   0.32   0.13   0.35   0.55   0.79   1.33   3805    1.0
imported_infect[126]   0.61  5.4e-3   0.33   0.13   0.35   0.57   0.81   1.37   3749    1.0
imported_infect[127]   0.62  5.3e-3   0.32   0.13   0.36   0.57   0.82   1.36   3692    1.0
imported_infect[128]   0.62  5.5e-3   0.33   0.14   0.37   0.57   0.84   1.38   3669    1.0
imported_infect[129]   0.64  5.9e-3   0.34   0.14   0.39   0.59   0.84   1.41   3302    1.0
imported_infect[130]   0.66  5.6e-3   0.35   0.15    0.4   0.61   0.88   1.44   3763    1.0
imported_infect[131]    0.7  6.2e-3   0.37   0.15   0.42   0.64   0.93   1.55   3493    1.0
imported_infect[132]   0.75  7.0e-3   0.39   0.16   0.46   0.71    1.0   1.64   3201    1.0
imported_infect[133]   0.84  7.7e-3   0.44   0.17    0.5   0.78    1.1   1.85   3283    1.0
imported_infect[134]   0.95  8.9e-3   0.49    0.2   0.58   0.89   1.24   2.09   3064    1.0
imported_infect[135]   1.08    0.01   0.54   0.22   0.69   1.03   1.41   2.32   2854    1.0
imported_infect[136]   1.22    0.01    0.6   0.28   0.77   1.15   1.59   2.58   2671    1.0
imported_infect[137]   1.32    0.01   0.67   0.29   0.82   1.23   1.73   2.82   2783    1.0
imported_infect[138]   1.38    0.01   0.74   0.25   0.79   1.28   1.87   2.99   3068    1.0
cases_infect[1]        0.64  7.2e-3   0.46   0.11   0.32   0.53   0.83    1.8   4056    1.0
cases_infect[2]        1.03    0.01   0.67   0.23   0.57   0.88   1.31   2.75   4006    1.0
cases_infect[3]        1.28    0.01   0.74   0.32   0.76   1.11   1.63   3.18   3521    1.0
cases_infect[4]        1.44    0.01   0.79   0.38   0.88   1.28   1.85   3.39   4064    1.0
cases_infect[5]        1.57    0.01   0.87   0.41   0.96   1.39   1.98    3.7   4055    1.0
cases_infect[6]        1.65    0.01    0.9   0.45    1.0   1.47   2.09   3.84   4050    1.0
cases_infect[7]         1.7    0.01   0.91   0.46   1.04   1.51   2.16   3.95   3785    1.0
cases_infect[8]         1.7    0.01   0.92   0.44   1.03   1.53   2.19   3.87   4016    1.0
cases_infect[9]        1.71    0.02   0.95   0.43   1.01   1.52   2.18   4.03   4009    1.0
cases_infect[10]       1.73    0.01   0.93   0.45   1.05   1.54   2.25   3.99   3986    1.0
cases_infect[11]       1.73    0.01   0.96   0.44   1.05   1.53   2.22   4.11   4166    1.0
cases_infect[12]       1.79    0.02   0.98   0.48   1.08    1.6   2.27   4.23   3756    1.0
cases_infect[13]       1.82    0.02   1.01   0.49   1.11    1.6    2.3   4.44   4046    1.0
cases_infect[14]       1.85    0.02   1.03   0.46    1.1   1.65   2.36   4.39   3950    1.0
cases_infect[15]       1.93    0.02   1.07   0.52   1.15   1.72   2.49   4.53   3785    1.0
cases_infect[16]       1.98    0.02   1.06   0.52   1.22   1.76   2.51   4.64   3782    1.0
cases_infect[17]       2.05    0.02   1.12   0.53   1.24   1.81   2.64   4.82   3650    1.0
cases_infect[18]       2.14    0.02   1.18   0.57   1.29   1.86   2.77   5.08   3949    1.0
cases_infect[19]       2.13    0.02   1.17   0.56   1.28   1.88   2.73    5.1   3872    1.0
cases_infect[20]       2.13    0.02   1.17   0.56   1.27   1.89   2.74   5.01   4244    1.0
cases_infect[21]       2.31    0.02   1.25    0.6    1.4    2.1   2.96   5.38   3910    1.0
cases_infect[22]       2.57    0.02   1.42   0.65   1.57   2.31   3.26   5.97   4096    1.0
cases_infect[23]       2.89    0.03   1.59   0.78   1.71   2.58   3.72   6.74   3370    1.0
cases_infect[24]       3.14    0.03   1.67   0.87   1.92   2.79   4.01   7.25   4239    1.0
cases_infect[25]       3.07    0.03   1.62   0.91   1.89   2.73   3.89   7.09   4092    1.0
cases_infect[26]       2.94    0.02   1.51   0.88   1.84   2.61   3.72   6.61   3940    1.0
cases_infect[27]       2.96    0.02   1.55   0.85   1.85   2.65   3.73   6.74   3952    1.0
cases_infect[28]       2.82    0.02    1.5   0.81   1.72   2.53   3.58   6.61   3971    1.0
cases_infect[29]       2.67    0.02   1.47   0.74   1.63   2.38   3.37   6.34   4008    1.0
cases_infect[30]       2.68    0.02   1.45   0.72   1.61   2.41   3.42   6.17   3650    1.0
cases_infect[31]       2.78    0.03   1.59   0.72   1.64   2.44   3.56   6.77   3718    1.0
cases_infect[32]       3.02    0.03    1.7   0.75   1.79   2.67   3.84   7.26   3849    1.0
cases_infect[33]       3.32    0.03   1.99   0.79   1.89   2.85   4.33   8.24   4357    1.0
cases_infect[34]       3.98    0.04   2.39   0.96   2.21   3.46   5.12   9.87   4235    1.0
cases_infect[35]       5.07    0.05   3.08   1.14    2.8   4.38   6.64  12.85   4229    1.0
cases_infect[36]       7.29    0.07   4.24   1.46   4.04   6.48   9.72  17.33   3736    1.0
cases_infect[37]       9.17    0.09   4.96   1.92   5.21   8.51   12.3  20.22   3283    1.0
cases_infect[38]       8.61    0.07   4.82   1.83   4.86   7.76  11.65  20.14   4139    1.0
cases_infect[39]       6.08    0.06    3.5   1.45   3.47   5.38   8.02  14.67   3683    1.0
cases_infect[40]       5.12    0.05   2.84   1.29   3.07   4.53   6.64  12.16   3841    1.0
cases_infect[41]        5.2    0.04    2.8   1.26   3.14   4.69   6.71   12.2   4003    1.0
cases_infect[42]       5.43    0.05   3.06   1.43   3.16   4.85   6.96  13.12   3950    1.0
cases_infect[43]       5.69    0.05   3.13   1.42   3.36   5.09   7.41  13.43   4091    1.0
cases_infect[44]       6.72    0.06   3.81   1.54   3.88   5.98   8.72   16.1   3991    1.0
cases_infect[45]       7.97    0.07    4.5   1.75   4.59   7.17  10.49  18.87   3987    1.0
cases_infect[46]       8.94    0.08   5.06   1.86   5.07   8.04  11.76   20.8   3863    1.0
cases_infect[47]       9.63    0.09   5.52   1.97   5.41   8.75  12.85  22.56   3968    1.0
cases_infect[48]       13.3    0.11   6.93   2.58   8.07  12.51  17.45  28.83   3666    1.0
cases_infect[49]       14.9    0.12   7.37   3.26   9.16  14.21  19.79  30.71   3580    1.0
cases_infect[50]      15.85    0.13   8.09   3.03   9.63  15.14  21.32  33.55   3884    1.0
cases_infect[51]      17.22    0.14   8.38   3.69  10.75  16.59  22.73  35.05   3519    1.0
cases_infect[52]      19.76    0.14   9.03   4.08  12.95  19.41  25.77  38.44   3980    1.0
cases_infect[53]      21.85    0.16   9.39   5.03  15.02  21.55  28.14  41.11   3450    1.0
cases_infect[54]      24.13    0.15    9.8   6.27  17.09  23.89  30.86  44.01   4080    1.0
cases_infect[55]      25.06    0.17  10.02   6.38  17.88  24.79  32.11   45.1   3539    1.0
cases_infect[56]      27.03    0.18  10.58   7.59  19.61  26.86   34.2  47.97   3521    1.0
cases_infect[57]      32.75    0.18  10.84  11.52  25.46  32.67  39.97  53.73   3826    1.0
cases_infect[58]      40.99    0.18  10.96  19.46  33.63  41.07   48.3  62.43   3601    1.0
cases_infect[59]       45.2    0.18  11.05  23.99  37.84  45.14  52.57  66.99   3971    1.0
cases_infect[60]      41.34    0.18  11.39  19.22  33.72   41.3  48.98   64.0   3917    1.0
cases_infect[61]      33.82    0.19  11.29  11.83  26.11  33.57  41.59  56.36   3672    1.0
cases_infect[62]      30.66    0.17  10.74  11.29  22.86  30.52  37.82  52.69   3782    1.0
cases_infect[63]      32.93    0.18  10.89  12.28  25.31  32.87  40.12  54.51   3854    1.0
cases_infect[64]       35.5    0.18  11.23  14.29  27.62  35.22  43.14  57.67   3838    1.0
cases_infect[65]      37.53    0.19  11.26  15.88  29.83  37.55  44.96  60.65   3474    1.0
cases_infect[66]       40.5    0.19  11.32  18.39   32.7  40.38  48.03  63.22   3546    1.0
cases_infect[67]      41.12    0.19  11.44  19.37  33.12  40.99  48.87  64.64   3679    1.0
cases_infect[68]      40.99    0.19  11.41  18.73  33.43  40.89  48.78  64.09   3530    1.0
cases_infect[69]      43.33    0.19  11.75  20.34  35.33  43.59  51.08  66.13   3817    1.0
cases_infect[70]      45.44     0.2  11.69  22.95  37.47  45.42  53.25  68.65   3401    1.0
cases_infect[71]      46.42     0.2  11.84  22.62  38.64   46.5  54.27  70.03   3375    1.0
cases_infect[72]      45.24    0.19  11.62  22.68  37.46  45.12  53.16   67.9   3740    1.0
cases_infect[73]      44.47    0.18  11.44   21.8  36.51  44.66   52.1  66.61   3952    1.0
cases_infect[74]       45.0     0.2  11.54  21.85  37.44  45.03  52.55   67.0   3183    1.0
cases_infect[75]      45.42     0.2  11.76  23.16  37.14  45.53  53.38  68.43   3571    1.0
cases_infect[76]      44.48    0.18  11.53  22.99  36.48  44.44  52.48   67.5   4186    1.0
cases_infect[77]      42.59    0.19  11.51  20.08   35.0  42.64  50.26  65.54   3642    1.0
cases_infect[78]      41.84     0.2  11.53  20.03   33.6  41.71  49.79  64.71   3244    1.0
cases_infect[79]      47.17    0.19  11.92  24.22  39.01  47.31  55.12  70.95   3751    1.0
cases_infect[80]      64.14     0.2  12.47  39.26  55.58  64.36  72.68  88.42   4017    1.0
cases_infect[81]      91.44    0.21  13.04   65.1  82.83  91.55 100.29 116.76   3843    1.0
cases_infect[82]     120.55    0.22  13.22  94.76 111.38  120.7 129.19 146.11   3596    1.0
cases_infect[83]     146.06    0.21  13.46  119.5 137.14 146.15 155.29  172.2   3942    1.0
cases_infect[84]      169.5    0.25  14.41 139.56 160.53 169.94 178.68 197.61   3361    1.0
cases_infect[85]     196.71    0.24  14.78 167.69 186.71 196.78 207.04 225.09   3918    1.0
cases_infect[86]     232.89    0.24  14.51 204.71 223.13 232.75 242.31 261.61   3768    1.0
cases_infect[87]     274.96    0.25  15.59 244.19 264.64 274.76 285.68 305.15   3946    1.0
cases_infect[88]     318.49    0.25  15.78 287.35 307.76 318.34 328.94 349.86   3870    1.0
cases_infect[89]     367.94    0.25  15.94 336.88  357.2 367.98 378.83 399.44   4181    1.0
cases_infect[90]     424.07    0.27  16.09 392.72 413.11 423.97 435.01 455.07   3660    1.0
cases_infect[91]     479.14    0.26  16.41 447.18 468.13 479.35 490.48 510.73   3956    1.0
cases_infect[92]      526.2    0.26  16.43 494.43 515.21 526.26 537.48 558.62   4014    1.0
cases_infect[93]     563.78    0.26  16.71 531.17  552.8 563.94  574.7 597.37   4052    1.0
cases_infect[94]     590.76    0.27  16.73 558.27 579.27 590.44 602.33 623.53   3746    1.0
cases_infect[95]     603.13    0.28  17.22  569.3 591.66 603.05 614.85 637.72   3791    1.0
cases_infect[96]     599.73    0.26  16.93 567.08 588.25 599.71 611.19 633.52   4102    1.0
cases_infect[97]     586.12    0.27  16.57 554.11 575.13 586.13 597.25 618.67   3859    1.0
cases_infect[98]     565.05    0.28  16.74  532.4 553.87 564.95 576.17 598.19   3698    1.0
cases_infect[99]     541.01    0.28  17.11 507.27 529.85 541.23 552.35 574.99   3857    1.0
cases_infect[100]    515.69    0.27  16.82 482.04 504.58  515.6 527.07 549.15   3855    1.0
cases_infect[101]    491.79    0.26  16.57 459.03  480.7 491.81 502.84 524.05   3964    1.0
cases_infect[102]    467.86    0.27  17.05 434.55 456.07 467.86 479.39  500.2   3932    1.0
cases_infect[103]    443.05    0.27  16.76  410.9 431.66 443.04 454.33 476.27   3975    1.0
cases_infect[104]    420.26    0.27  16.55 388.26 408.88 420.26 431.67 453.69   3758    1.0
cases_infect[105]    399.34    0.27   16.4 367.43 388.23 399.23 410.56 431.03   3690    1.0
cases_infect[106]    377.93    0.26  16.21 345.91 367.05 377.94 388.65  410.0   4015    1.0
cases_infect[107]    354.69    0.26  16.21 322.89 343.75 355.23 365.59 385.93   3966    1.0
cases_infect[108]    330.81    0.26  16.29 298.24 320.15 330.71 342.07  362.4   4020    1.0
cases_infect[109]    304.81    0.25  16.09 272.92 294.16 304.52 315.77 336.03   4167    1.0
cases_infect[110]    277.01    0.24  15.49  247.0 266.59 277.07 287.72 306.84   4116    1.0
cases_infect[111]    250.18    0.25  15.65 219.41 239.61 250.34 260.68 280.64   3965    1.0
cases_infect[112]    228.13    0.25  15.62 197.08 217.85 228.13 238.53 258.87   3920    1.0
cases_infect[113]    209.29    0.24  15.31 178.97 199.26 209.42 219.42  238.4   4018    1.0
cases_infect[114]    192.56    0.25  15.12 162.81 182.28 192.63 202.66 222.04   3759    1.0
cases_infect[115]     176.6    0.24  15.06 146.49 166.58 176.59 186.81 206.39   3989    1.0
cases_infect[116]    159.29    0.24   14.8 129.88 149.39 159.25  169.3 189.24   3865    1.0
cases_infect[117]    142.45    0.24  14.75 113.59  132.6 142.27 152.18 171.11   3714    1.0
cases_infect[118]    130.37    0.24  14.86 101.33 120.07 130.46 140.18 159.62   3912    1.0
cases_infect[119]    121.82    0.24  14.63  92.58 111.97 121.97 131.63 150.24   3764    1.0
cases_infect[120]    113.14    0.22  14.16  85.94 103.64 113.26 122.64 140.49   4049    1.0
cases_infect[121]    102.17    0.22   14.0  74.47  92.86 102.15  111.4 129.84   3925    1.0
cases_infect[122]     89.05    0.23  13.82  62.14  79.66  89.22  98.46 116.53   3733    1.0
cases_infect[123]     73.18    0.22  13.33  46.83   64.2  73.22  82.14  98.87   3815    1.0
cases_infect[124]     56.11    0.21  12.69  31.61  47.64  55.72   64.7   81.5   3628    1.0
cases_infect[125]     40.38    0.19  11.81  17.45  32.52   40.3  48.18  63.28   4022    1.0
cases_infect[126]     24.52    0.17  10.56   5.93  16.75  23.86  31.76  46.07   3840    1.0
cases_infect[127]     13.27    0.12   7.36   2.74   7.59   12.1  17.74  30.69   3869    1.0
cases_infect[128]      8.95    0.08   5.04   1.88   5.23   7.91  11.76   21.0   3863    1.0
cases_infect[129]      7.44    0.07   4.01   1.62   4.57   6.73   9.54  17.31   3752    1.0
cases_infect[130]      6.74    0.06   3.54   1.58   4.15   6.11   8.77   15.1   3914    1.0
cases_infect[131]      6.63    0.06   3.47   1.61   4.09   6.07   8.56  14.83   3852    1.0
cases_infect[132]      6.83    0.06   3.49   1.69   4.23   6.37   8.83  14.97   3938    1.0
cases_infect[133]      7.33    0.06   3.68   1.76   4.56   6.84   9.42  15.86   3654    1.0
cases_infect[134]      8.33    0.07   4.12   2.04   5.26   7.69  10.71  17.75   3606    1.0
cases_infect[135]      10.5    0.08    5.0   2.79   6.78   9.79  13.36  22.01   3603    1.0
cases_infect[136]     16.61    0.13   8.22   4.27  10.76  15.43  21.14  36.29   4086    1.0
cases_infect[137]      27.4    0.22  13.01   7.24  17.39  25.93  35.66  56.38   3611    1.0
cases_infect[138]     33.91    0.28  17.06   7.64  21.07  31.44  44.61  71.45   3609    1.0
lp__                  6.3e4    0.64  29.39  6.3e4  6.3e4  6.3e4  6.3e4  6.3e4   2117    1.0

Samples were drawn using NUTS at Sat May 23 15:19:22 2020.
For each parameter, n_eff is a crude measure of effective sample size,
and Rhat is the potential scale reduction factor on split chains (at 
convergence, Rhat=1).